bronzeMOVESCI230b : 0.836294699059629
silverMOVESCI230 :  0.8515088896834622

bronzeCLIMATE102b : 0.8507668719321448
silverCLIMATE102 : 0.8470450355938506