bronzeMOVESCI230b : 0.83205
silverMOVESCI230 : 0.8361

bronzeCLIMATE102b : 0.8219428571
silverCLIMATE102 : 0.8352285714